RdfsIndex,entity,NCP_NSA_XDC_Q,NCGG_NSA_XDC_Q,NFI_NSA_XDC_Q,NINV_NSA_XDC_Q,NX_NSA_XDC_Q,NM_NSA_XDC_Q
0,AFG,0,0,0,0,0,0
1,ALA,0,0,0,0,0,0
2,ALB,1,1,1,1,1,1
3,DZA,1,1,1,1,1,1
4,ASM,0,0,0,0,0,0
5,AND,0,0,0,0,0,0
6,AGO,0,0,0,0,0,0
7,AIA,0,0,0,0,0,0
8,ATA,0,0,0,0,0,0
9,ATG,0,0,0,0,0,0
10,ARG,1,1,1,1,1,1
11,ARM,1,1,1,1,1,1
12,ABW,0,0,0,0,0,0
13,AUS,1,1,1,1,1,1
14,AUT,1,1,1,1,1,1
15,AZE,0,0,0,0,0,0
16,BHS,0,0,0,0,0,0
17,BHR,0,0,0,0,0,0
18,BGD,0,0,0,0,0,0
19,BRB,0,0,0,0,0,0
20,BLR,1,1,1,1,1,1
21,BEL,1,1,1,1,1,1
22,BLZ,0,0,0,0,0,0
23,BEN,0,0,0,0,0,0
24,BMU,0,0,0,0,0,0
25,BTN,0,0,0,0,0,0
26,BOL,0,0,0,0,0,0
27,BES,0,0,0,0,0,0
28,BIH,1,1,1,1,1,1
29,BWA,1,1,1,1,1,1
30,BVT,0,0,0,0,0,0
31,BRA,1,1,1,1,1,1
32,IOT,0,0,0,0,0,0
33,BRN,1,1,1,1,1,1
34,BGR,1,1,1,1,1,1
35,BFA,0,0,0,0,0,0
36,BDI,0,0,0,0,0,0
37,CPV,0,0,0,0,0,0
38,KHM,0,0,0,0,0,0
39,CMR,0,0,0,0,0,0
40,CAN,1,1,1,1,1,1
41,CYM,0,0,0,0,0,0
42,CAF,0,0,0,0,0,0
43,TCD,0,0,0,0,0,0
44,CHL,1,1,1,1,1,1
45,CHN,0,0,0,0,0,0
46,CXR,0,0,0,0,0,0
47,CCK,0,0,0,0,0,0
48,COL,1,1,1,1,1,1
49,COM,0,0,0,0,0,0
50,COG,0,0,0,0,0,0
51,COD,0,0,0,0,0,0
52,COK,0,0,0,0,0,0
53,CRI,1,1,1,1,1,1
54,CIV,0,0,0,0,0,0
55,HRV,1,1,1,1,1,1
56,CUB,0,0,0,0,0,0
57,CUW,0,0,0,0,0,0
58,CYP,1,1,1,1,1,1
59,CZE,1,1,1,1,1,1
60,DNK,1,1,1,1,1,1
61,DJI,0,0,0,0,0,0
62,DMA,0,0,0,0,0,0
63,DOM,1,1,1,1,1,1
64,ECU,0,0,0,0,0,0
65,EGY,0,0,0,0,0,0
66,SLV,0,0,0,0,0,0
67,GNQ,0,0,0,0,0,0
68,ERI,0,0,0,0,0,0
69,EST,1,1,1,1,1,1
70,SWZ,0,0,0,0,0,0
71,ETH,0,0,0,0,0,0
72,FLK,0,0,0,0,0,0
73,FRO,0,0,0,0,0,0
74,FJI,0,0,0,0,0,0
75,FIN,1,1,1,1,1,1
76,FRA,1,1,1,1,1,1
77,GUF,0,0,0,0,0,0
78,PYF,0,0,0,0,0,0
79,ATF,0,0,0,0,0,0
80,GAB,0,0,0,0,0,0
81,GMB,0,0,0,0,0,0
82,GEO,1,1,1,1,1,1
83,DEU,1,1,1,1,1,1
84,GHA,0,0,0,0,0,0
85,GIB,0,0,0,0,0,0
86,GRC,1,1,1,1,1,1
87,GRL,0,0,0,0,0,0
88,GRD,0,0,0,0,0,0
89,GLP,0,0,0,0,0,0
90,GUM,0,0,0,0,0,0
91,GTM,1,1,1,1,1,1
92,GGY,0,0,0,0,0,0
93,GIN,0,0,0,0,0,0
94,GNB,0,0,0,0,0,0
95,GUY,0,0,0,0,0,0
96,HTI,0,0,0,0,0,0
97,HMD,0,0,0,0,0,0
98,VAT,0,0,0,0,0,0
99,HND,0,0,0,0,0,0
100,HKG,1,1,1,1,1,1
101,HUN,1,1,1,1,1,1
102,ISL,1,1,1,1,1,1
103,IND,1,1,1,1,1,1
104,IDN,1,1,1,1,1,1
105,IRN,0,0,0,0,0,0
106,IRQ,0,0,0,0,0,0
107,IRL,1,1,1,1,1,1
108,IMN,0,0,0,0,0,0
109,ISR,1,1,1,1,1,1
110,ITA,1,1,1,1,1,1
111,JAM,0,0,0,0,0,0
112,JPN,1,1,1,1,1,1
113,JEY,0,0,0,0,0,0
114,JOR,0,0,0,0,0,0
115,KAZ,0,0,0,0,0,0
116,KEN,0,0,0,0,0,0
117,KIR,0,0,0,0,0,0
118,PRK,0,0,0,0,0,0
119,KOR,1,1,1,1,1,1
120,KWT,0,0,0,0,0,0
121,KGZ,0,0,0,0,0,0
122,LAO,0,0,0,0,0,0
123,LVA,1,1,1,1,1,1
124,LBN,0,0,0,0,0,0
125,LSO,0,0,0,0,0,0
126,LBR,0,0,0,0,0,0
127,LBY,0,0,0,0,0,0
128,LIE,0,0,0,0,0,0
129,LTU,1,1,1,1,1,1
130,LUX,1,1,1,1,1,1
131,MAC,0,0,0,0,0,0
132,MDG,0,0,0,0,0,0
133,MWI,0,0,0,0,0,0
134,MYS,0,0,0,0,0,0
135,MDV,0,0,0,0,0,0
136,MLI,0,0,0,0,0,0
137,MLT,1,1,1,1,1,1
138,MHL,0,0,0,0,0,0
139,MTQ,0,0,0,0,0,0
140,MRT,0,0,0,0,0,0
141,MUS,0,0,0,0,0,0
142,MYT,0,0,0,0,0,0
143,MEX,1,1,1,1,1,1
144,FSM,0,0,0,0,0,0
145,MDA,0,0,0,0,0,0
146,MCO,0,0,0,0,0,0
147,MNG,0,0,0,0,0,0
148,MNE,1,1,1,1,1,1
149,MSR,0,0,0,0,0,0
150,MAR,0,0,0,0,0,0
151,MOZ,0,0,0,0,0,0
152,MMR,0,0,0,0,0,0
153,NAM,0,0,0,0,0,0
154,NRU,0,0,0,0,0,0
155,NPL,0,0,0,0,0,0
156,NLD,1,1,1,1,1,1
157,NCL,0,0,0,0,0,0
158,NZL,1,1,1,1,1,1
159,NIC,0,0,0,0,0,0
160,NER,0,0,0,0,0,0
161,NGA,0,0,0,0,0,0
162,NIU,0,0,0,0,0,0
163,NFK,0,0,0,0,0,0
164,MKD,1,1,1,1,1,1
165,MNP,0,0,0,0,0,0
166,NOR,1,1,1,1,1,1
167,OMN,0,0,0,0,0,0
168,PAK,0,0,0,0,0,0
169,PLW,0,0,0,0,0,0
170,PSE,0,0,0,0,0,0
171,PAN,0,0,0,0,0,0
172,PNG,0,0,0,0,0,0
173,PRY,1,1,1,1,1,1
174,PER,0,0,0,0,0,0
175,PHL,1,1,1,1,1,1
176,PCN,0,0,0,0,0,0
177,POL,1,1,1,1,1,1
178,PRT,1,1,1,1,1,1
179,PRI,0,0,0,0,0,0
180,QAT,0,0,0,0,0,0
181,REU,0,0,0,0,0,0
182,ROU,1,1,1,1,1,1
183,RUS,1,1,1,1,1,1
184,RWA,1,1,1,1,1,1
185,BLM,0,0,0,0,0,0
186,SHN,0,0,0,0,0,0
187,KNA,0,0,0,0,0,0
188,LCA,0,0,0,0,0,0
189,MAF,0,0,0,0,0,0
190,SPM,0,0,0,0,0,0
191,VCT,0,0,0,0,0,0
192,WSM,0,0,0,0,0,0
193,SMR,0,0,0,0,0,0
194,STP,0,0,0,0,0,0
195,SAU,1,1,1,1,1,1
196,SEN,0,0,0,0,0,0
197,SRB,1,1,1,1,1,1
198,SYC,0,0,0,0,0,0
199,SLE,0,0,0,0,0,0
200,SGP,1,1,1,1,1,1
201,SXM,0,0,0,0,0,0
202,SVK,1,1,1,1,1,1
203,SVN,1,1,1,1,1,1
204,SLB,0,0,0,0,0,0
205,SOM,0,0,0,0,0,0
206,ZAF,1,1,1,1,1,1
207,SGS,0,0,0,0,0,0
208,SSD,0,0,0,0,0,0
209,ESP,1,1,1,1,1,1
210,LKA,1,1,1,1,1,1
211,SDN,0,0,0,0,0,0
212,SUR,0,0,0,0,0,0
213,SJM,0,0,0,0,0,0
214,SWE,1,1,1,1,1,1
215,CHE,1,1,1,1,1,1
216,SYR,0,0,0,0,0,0
217,TWN,0,0,0,0,0,0
218,TJK,0,0,0,0,0,0
219,TZA,0,0,0,0,0,0
220,THA,1,1,1,1,1,1
221,TLS,0,0,0,0,0,0
222,TGO,0,0,0,0,0,0
223,TKL,0,0,0,0,0,0
224,TON,0,0,0,0,0,0
225,TTO,0,0,0,0,0,0
226,TUN,0,0,0,0,0,0
227,TUR,1,1,1,1,1,1
228,TKM,0,0,0,0,0,0
229,TCA,0,0,0,0,0,0
230,TUV,0,0,0,0,0,0
231,UGA,0,0,0,0,0,0
232,UKR,1,1,1,1,1,1
233,ARE,0,0,0,0,0,0
234,GBR,1,1,1,1,1,1
235,USA,1,1,1,1,1,1
236,UMI,0,0,0,0,0,0
237,URY,0,0,0,0,0,0
238,UZB,0,0,0,0,0,0
239,VUT,0,0,0,0,0,0
240,VEN,0,0,0,0,0,0
241,VNM,0,0,0,0,0,0
242,VGB,0,0,0,0,0,0
243,VIR,0,0,0,0,0,0
244,WLF,0,0,0,0,0,0
245,ESH,0,0,0,0,0,0
246,YEM,0,0,0,0,0,0
247,ZMB,0,0,0,0,0,0
248,ZWE,0,0,0,0,0,0
249,WD,0,0,0,0,0,0
250,EU,0,0,0,0,0,0
251,EZ,1,1,1,1,1,1
