RdfsIndex,entity,comtrade_reporters,comtrade_counterparties
0,AFG,1,1
1,ALA,0,0
2,ALB,1,1
3,DZA,1,1
4,ASM,1,1
5,AND,0,1
6,AGO,1,1
7,AIA,0,1
8,ATA,0,1
9,ATG,1,1
10,ARG,1,1
11,ARM,1,1
12,ABW,1,1
13,AUS,1,1
14,AUT,1,1
15,AZE,1,1
16,BHS,1,1
17,BHR,1,1
18,BGD,1,1
19,BRB,1,1
20,BLR,1,1
21,BEL,1,1
22,BLZ,1,1
23,BEN,1,1
24,BMU,1,1
25,BTN,1,1
26,BOL,1,1
27,BES,0,1
28,BIH,1,1
29,BWA,1,1
30,BVT,0,1
31,BRA,1,1
32,IOT,0,0
33,BRN,1,1
34,BGR,1,1
35,BFA,1,1
36,BDI,1,1
37,CPV,1,1
38,KHM,1,1
39,CMR,1,1
40,CAN,1,1
41,CYM,1,1
42,CAF,1,1
43,TCD,1,1
44,CHL,1,1
45,CHN,1,1
46,CXR,0,0
47,CCK,0,0
48,COL,1,1
49,COM,1,1
50,COG,1,1
51,COD,1,1
52,COK,0,0
53,CRI,1,1
54,CIV,1,1
55,HRV,1,1
56,CUB,1,1
57,CUW,1,0
58,CYP,1,1
59,CZE,1,1
60,DNK,1,1
61,DJI,1,1
62,DMA,1,1
63,DOM,1,1
64,ECU,1,1
65,EGY,1,1
66,SLV,1,1
67,GNQ,1,1
68,ERI,1,1
69,EST,1,1
70,SWZ,1,1
71,ETH,1,1
72,FLK,0,1
73,FRO,1,0
74,FJI,1,1
75,FIN,1,1
76,FRA,1,1
77,GUF,0,1
78,PYF,1,1
79,ATF,0,0
80,GAB,1,1
81,GMB,1,1
82,GEO,1,1
83,DEU,1,1
84,GHA,1,1
85,GIB,0,1
86,GRC,1,1
87,GRL,1,1
88,GRD,1,1
89,GLP,0,1
90,GUM,1,1
91,GTM,1,1
92,GGY,0,0
93,GIN,1,1
94,GNB,1,1
95,GUY,1,1
96,HTI,1,1
97,HMD,0,1
98,VAT,0,1
99,HND,1,1
100,HKG,1,1
101,HUN,1,1
102,ISL,1,1
103,IND,1,1
104,IDN,1,1
105,IRN,1,1
106,IRQ,1,1
107,IRL,1,1
108,IMN,0,0
109,ISR,1,1
110,ITA,1,1
111,JAM,1,1
112,JPN,1,1
113,JEY,0,0
114,JOR,1,1
115,KAZ,1,1
116,KEN,1,1
117,KIR,1,1
118,PRK,1,1
119,KOR,1,1
120,KWT,1,1
121,KGZ,1,1
122,LAO,1,1
123,LVA,1,1
124,LBN,1,1
125,LSO,1,1
126,LBR,1,1
127,LBY,1,1
128,LIE,0,0
129,LTU,1,1
130,LUX,1,1
131,MAC,1,1
132,MDG,1,1
133,MWI,1,1
134,MYS,1,1
135,MDV,1,1
136,MLI,1,1
137,MLT,1,1
138,MHL,1,1
139,MTQ,1,1
140,MRT,1,1
141,MUS,1,1
142,MYT,0,1
143,MEX,1,1
144,FSM,1,1
145,MDA,1,1
146,MCO,1,0
147,MNG,1,1
148,MNE,0,1
149,MSR,0,1
150,MAR,1,1
151,MOZ,1,1
152,MMR,1,1
153,NAM,1,1
154,NRU,0,1
155,NPL,1,1
156,NLD,1,1
157,NCL,1,1
158,NZL,1,1
159,NIC,1,1
160,NER,1,1
161,NGA,1,1
162,NIU,0,1
163,NFK,0,0
164,MKD,1,1
165,MNP,1,1
166,NOR,1,1
167,OMN,1,1
168,PAK,1,1
169,PLW,1,1
170,PSE,1,1
171,PAN,1,1
172,PNG,1,1
173,PRY,1,1
174,PER,1,1
175,PHL,1,1
176,PCN,0,1
177,POL,1,1
178,PRT,1,1
179,PRI,0,0
180,QAT,1,1
181,REU,0,1
182,ROU,1,1
183,RUS,1,1
184,RWA,1,1
185,BLM,0,1
186,SHN,0,1
187,KNA,1,1
188,LCA,1,1
189,MAF,0,0
190,SPM,1,1
191,VCT,1,1
192,WSM,1,1
193,SMR,1,1
194,STP,1,1
195,SAU,1,1
196,SEN,1,1
197,SRB,0,1
198,SYC,1,1
199,SLE,1,1
200,SGP,1,1
201,SXM,1,1
202,SVK,1,1
203,SVN,1,1
204,SLB,1,1
205,SOM,1,1
206,ZAF,1,1
207,SGS,0,1
208,SSD,1,1
209,ESP,1,1
210,LKA,1,1
211,SDN,0,1
212,SUR,1,1
213,SJM,0,0
214,SWE,1,1
215,CHE,1,1
216,SYR,1,0
217,TWN,0,0
218,TJK,1,1
219,TZA,1,1
220,THA,1,1
221,TLS,1,1
222,TGO,1,1
223,TKL,0,1
224,TON,1,1
225,TTO,1,1
226,TUN,1,1
227,TUR,1,1
228,TKM,1,1
229,TCA,1,1
230,TUV,1,1
231,UGA,1,1
232,UKR,1,1
233,ARE,1,1
234,GBR,1,1
235,USA,1,1
236,UMI,0,1
237,URY,1,1
238,UZB,1,1
239,VUT,1,1
240,VEN,1,1
241,VNM,1,1
242,VGB,0,1
243,VIR,0,1
244,WLF,0,1
245,ESH,0,1
246,YEM,1,1
247,ZMB,1,1
248,ZWE,1,1
249,WD,0,1
250,EU,0,0
251,EZ,0,0
